[{"K": [[1.0, 0.0, 0.0, 0.0], [0.0, 1.0, 0.0, 0.0], [0.0, 0.0, 1.0, 0.0], [0.0, 0.0, 0.0, 1.0]], "Rt": [[-0.938425, 0.01471056, -0.345172, 845.6584], [0.345449, 0.05439153, -0.93686, 3723.648], [0.004993, -0.9984115, -0.056123, 115.9991], [0.0, 0.0, 0.0, 1.0]]}, {"K": [[1.0, 0.0, 0.0, 0.0], [0.0, 1.0, 0.0, 0.0], [0.0, 0.0, 1.0, 0.0], [0.0, 0.0, 0.0, 1.0]], "Rt": [[-0.938425, 0.01471056, -0.345172, 845.6584], [0.345449, 0.05439153, -0.93686, 3723.648], [0.004993, -0.9984115, -0.056123, 115.9991], [0.0, 0.0, 0.0, 1.0]]}, {"K": [[1.0, 0.0, 0.0, 0.0], [0.0, 1.0, 0.0, 0.0], [0.0, 0.0, 1.0, 0.0], [0.0, 0.0, 0.0, 1.0]], "Rt": [[-0.953952, 0.005806826, -0.299905, 845.8253], [0.299744, 0.05654927, -0.952342, 3723.843], [0.01143, -0.9983832, -0.055685, 115.9838], [0.0, 0.0, 0.0, 1.0]]}, {"K": [[1.0, 0.0, 0.0, 0.0], [0.0, 1.0, 0.0, 0.0], [0.0, 0.0, 1.0, 0.0], [0.0, 0.0, 0.0, 1.0]], "Rt": [[-0.966197, 0.001685921, -0.2578, 845.9552], [0.257463, 0.05784955, -0.964555, 3724.032], [0.013288, -0.9983241, -0.056327, 115.9682], [0.0, 0.0, 0.0, 1.0]]}, {"K": [[1.0, 0.0, 0.0, 0.0], [0.0, 1.0, 0.0, 0.0], [0.0, 0.0, 1.0, 0.0], [0.0, 0.0, 0.0, 1.0]], "Rt": [[-0.966197, 0.001685921, -0.2578, 845.9552], [0.257463, 0.05784955, -0.964555, 3724.032], [0.013288, -0.9983241, -0.056327, 115.9682], [0.0, 0.0, 0.0, 1.0]]}, {"K": [[1.0, 0.0, 0.0, 0.0], [0.0, 1.0, 0.0, 0.0], [0.0, 0.0, 1.0, 0.0], [0.0, 0.0, 0.0, 1.0]], "Rt": [[-0.975457, 0.0006026747, -0.220193, 846.0603], [0.219856, 0.05803613, -0.973804, 3724.23], [0.012193, -0.9983145, -0.056743, 115.9562], [0.0, 0.0, 0.0, 1.0]]}, {"K": [[1.0, 0.0, 0.0, 0.0], [0.0, 1.0, 0.0, 0.0], [0.0, 0.0, 1.0, 0.0], [0.0, 0.0, 0.0, 1.0]], "Rt": [[-0.982612, 0.002800245, -0.185654, 846.1557], [0.18549, 0.05943168, -0.980847, 3724.448], [0.008287, -0.9982287, -0.058917, 115.9476], [0.0, 0.0, 0.0, 1.0]]}, {"K": [[1.0, 0.0, 0.0, 0.0], [0.0, 1.0, 0.0, 0.0], [0.0, 0.0, 1.0, 0.0], [0.0, 0.0, 0.0, 1.0]], "Rt": [[-0.988216, 0.0007789503, -0.153066, 846.2511], [0.152868, 0.05615514, -0.98665, 3724.676], [0.007827, -0.998422, -0.055612, 115.9393], [0.0, 0.0, 0.0, 1.0]]}, {"K": [[1.0, 0.0, 0.0, 0.0], [0.0, 1.0, 0.0, 0.0], [0.0, 0.0, 1.0, 0.0], [0.0, 0.0, 0.0, 1.0]], "Rt": [[-0.988216, 0.0007789503, -0.153066, 846.2511], [0.152868, 0.05615514, -0.98665, 3724.676], [0.007827, -0.998422, -0.055612, 115.9393], [0.0, 0.0, 0.0, 1.0]]}, {"K": [[1.0, 0.0, 0.0, 0.0], [0.0, 1.0, 0.0, 0.0], [0.0, 0.0, 1.0, 0.0], [0.0, 0.0, 0.0, 1.0]], "Rt": [[-0.988216, 0.0007789503, -0.153066, 846.2511], [0.152868, 0.05615514, -0.98665, 3724.676], [0.007827, -0.998422, -0.055612, 115.9393], [0.0, 0.0, 0.0, 1.0]]}, {"K": [[1.0, 0.0, 0.0, 0.0], [0.0, 1.0, 0.0, 0.0], [0.0, 0.0, 1.0, 0.0], [0.0, 0.0, 0.0, 1.0]], "Rt": [[-0.988216, 0.0007789503, -0.153066, 846.2511], [0.152868, 0.05615514, -0.98665, 3724.676], [0.007827, -0.998422, -0.055612, 115.9393], [0.0, 0.0, 0.0, 1.0]]}, {"K": [[1.0, 0.0, 0.0, 0.0], [0.0, 1.0, 0.0, 0.0], [0.0, 0.0, 1.0, 0.0], [0.0, 0.0, 0.0, 1.0]], "Rt": [[-0.993312, 0.00242284, -0.115438, 846.3412], [0.11532, 0.07061828, -0.990815, 3724.877], [0.005752, -0.9975007, -0.070425, 115.9397], [0.0, 0.0, 0.0, 1.0]]}, {"K": [[1.0, 0.0, 0.0, 0.0], [0.0, 1.0, 0.0, 0.0], [0.0, 0.0, 1.0, 0.0], [0.0, 0.0, 0.0, 1.0]], "Rt": [[-0.997506, 0.008756848, -0.070046, 846.4196], [0.070489, 0.07006804, -0.995048, 3725.099], [-0.003805, -0.997504, -0.07051, 115.9377], [0.0, 0.0, 0.0, 1.0]]}, {"K": [[1.0, 0.0, 0.0, 0.0], [0.0, 1.0, 0.0, 0.0], [0.0, 0.0, 1.0, 0.0], [0.0, 0.0, 0.0, 1.0]], "Rt": [[-0.999188, -0.0002577465, 0.040302, 846.6269], [-0.040152, 0.09288784, -0.994866, 3725.561], [-0.003487, -0.9956768, -0.092822, 115.938], [0.0, 0.0, 0.0, 1.0]]}, {"K": [[1.0, 0.0, 0.0, 0.0], [0.0, 1.0, 0.0, 0.0], [0.0, 0.0, 1.0, 0.0], [0.0, 0.0, 0.0, 1.0]], "Rt": [[-0.99479, -0.009788717, 0.101481, 846.725], [-0.101948, 0.105187, -0.989213, 3725.827], [-0.000991, -0.9944045, -0.105636, 115.933], [0.0, 0.0, 0.0, 1.0]]}, {"K": [[1.0, 0.0, 0.0, 0.0], [0.0, 1.0, 0.0, 0.0], [0.0, 0.0, 1.0, 0.0], [0.0, 0.0, 0.0, 1.0]], "Rt": [[-0.977213, -0.02663223, 0.210583, 846.854], [-0.212259, 0.1267152, -0.968963, 3726.312], [-0.000878, -0.9915818, -0.12948, 115.9218], [0.0, 0.0, 0.0, 1.0]]}, {"K": [[1.0, 0.0, 0.0, 0.0], [0.0, 1.0, 0.0, 0.0], [0.0, 0.0, 1.0, 0.0], [0.0, 0.0, 0.0, 1.0]], "Rt": [[-0.942428, -0.03726312, 0.332328, 846.9113], [-0.334144, 0.1446523, -0.931356, 3726.874], [-0.013366, -0.9887809, -0.148775, 115.9196], [0.0, 0.0, 0.0, 1.0]]}, {"K": [[1.0, 0.0, 0.0, 0.0], [0.0, 1.0, 0.0, 0.0], [0.0, 0.0, 1.0, 0.0], [0.0, 0.0, 0.0, 1.0]], "Rt": [[-0.888475, -0.02036215, 0.458474, 846.8354], [-0.455631, 0.1586493, -0.875917, 3727.464], [-0.054901, -0.9871252, -0.150233, 115.9394], [0.0, 0.0, 0.0, 1.0]]}, {"K": [[1.0, 0.0, 0.0, 0.0], [0.0, 1.0, 0.0, 0.0], [0.0, 0.0, 1.0, 0.0], [0.0, 0.0, 0.0, 1.0]], "Rt": [[-0.737291, -0.04855861, 0.673828, 846.5816], [-0.673271, 0.135135, -0.726942, 3728.698], [-0.055758, -0.9896368, -0.132326, 115.9933], [0.0, 0.0, 0.0, 1.0]]}, {"K": [[1.0, 0.0, 0.0, 0.0], [0.0, 1.0, 0.0, 0.0], [0.0, 0.0, 1.0, 0.0], [0.0, 0.0, 0.0, 1.0]], "Rt": [[-0.570942, -0.06475382, 0.818432, 846.0987], [-0.8197, 0.100842, -0.563847, 3729.701], [-0.046021, -0.9927932, -0.110653, 116.0272], [0.0, 0.0, 0.0, 1.0]]}, {"K": [[1.0, 0.0, 0.0, 0.0], [0.0, 1.0, 0.0, 0.0], [0.0, 0.0, 1.0, 0.0], [0.0, 0.0, 0.0, 1.0]], "Rt": [[-0.476586, -0.07182732, 0.876189, 845.7595], [-0.878265, 0.08305767, -0.470906, 3730.159], [-0.03895, -0.9939531, -0.102667, 116.0396], [0.0, 0.0, 0.0, 1.0]]}, {"K": [[1.0, 0.0, 0.0, 0.0], [0.0, 1.0, 0.0, 0.0], [0.0, 0.0, 1.0, 0.0], [0.0, 0.0, 0.0, 1.0]], "Rt": [[-0.476586, -0.07182732, 0.876189, 845.7595], [-0.878265, 0.08305767, -0.470906, 3730.159], [-0.03895, -0.9939531, -0.102667, 116.0396], [0.0, 0.0, 0.0, 1.0]]}, {"K": [[1.0, 0.0, 0.0, 0.0], [0.0, 1.0, 0.0, 0.0], [0.0, 0.0, 1.0, 0.0], [0.0, 0.0, 0.0, 1.0]], "Rt": [[-0.449122, -0.07383593, 0.890414, 845.6243], [-0.892277, 0.08857253, -0.442716, 3730.275], [-0.046178, -0.9933296, -0.105661, 116.0381], [0.0, 0.0, 0.0, 1.0]]}, {"K": [[1.0, 0.0, 0.0, 0.0], [0.0, 1.0, 0.0, 0.0], [0.0, 0.0, 1.0, 0.0], [0.0, 0.0, 0.0, 1.0]], "Rt": [[-0.449122, -0.07383593, 0.890414, 845.6243], [-0.892277, 0.08857253, -0.442716, 3730.275], [-0.046178, -0.9933296, -0.105661, 116.0381], [0.0, 0.0, 0.0, 1.0]]}, {"K": [[1.0, 0.0, 0.0, 0.0], [0.0, 1.0, 0.0, 0.0], [0.0, 0.0, 1.0, 0.0], [0.0, 0.0, 0.0, 1.0]], "Rt": [[-0.480081, -0.06135234, 0.875076, 846.2435], [-0.875855, 0.08924579, -0.47425, 3729.841], [-0.049, -0.9941185, -0.09658, 116.0349], [0.0, 0.0, 0.0, 1.0]]}, {"K": [[1.0, 0.0, 0.0, 0.0], [0.0, 1.0, 0.0, 0.0], [0.0, 0.0, 1.0, 0.0], [0.0, 0.0, 0.0, 1.0]], "Rt": [[-0.485465, -0.05646, 0.872431, 847.1443], [-0.872524, 0.09408054, -0.479428, 3729.267], [-0.05501, -0.9939626, -0.094935, 116.0302], [0.0, 0.0, 0.0, 1.0]]}, {"K": [[1.0, 0.0, 0.0, 0.0], [0.0, 1.0, 0.0, 0.0], [0.0, 0.0, 1.0, 0.0], [0.0, 0.0, 0.0, 1.0]], "Rt": [[-0.465744, -0.05866903, 0.882972, 848.4575], [-0.883034, 0.09591602, -0.459403, 3728.515], [-0.057738, -0.9936592, -0.096478, 116.0309], [0.0, 0.0, 0.0, 1.0]]}, {"K": [[1.0, 0.0, 0.0, 0.0], [0.0, 1.0, 0.0, 0.0], [0.0, 0.0, 1.0, 0.0], [0.0, 0.0, 0.0, 1.0]], "Rt": [[-0.457037, -0.05897454, 0.88749, 850.0509], [-0.887344, 0.09882058, -0.450395, 3727.612], [-0.06114, -0.9933564, -0.097495, 116.03], [0.0, 0.0, 0.0, 1.0]]}, {"K": [[1.0, 0.0, 0.0, 0.0], [0.0, 1.0, 0.0, 0.0], [0.0, 0.0, 1.0, 0.0], [0.0, 0.0, 0.0, 1.0]], "Rt": [[-0.444716, -0.05650884, 0.893887, 851.9303], [-0.893789, 0.09267895, -0.438808, 3726.596], [-0.058048, -0.9940915, -0.091722, 116.0304], [0.0, 0.0, 0.0, 1.0]]}, {"K": [[1.0, 0.0, 0.0, 0.0], [0.0, 1.0, 0.0, 0.0], [0.0, 0.0, 1.0, 0.0], [0.0, 0.0, 0.0, 1.0]], "Rt": [[-0.431058, -0.05973012, 0.900345, 854.2273], [-0.900732, 0.08773672, -0.425423, 3725.397], [-0.053582, -0.9943516, -0.09162, 116.0342], [0.0, 0.0, 0.0, 1.0]]}, {"K": [[1.0, 0.0, 0.0, 0.0], [0.0, 1.0, 0.0, 0.0], [0.0, 0.0, 1.0, 0.0], [0.0, 0.0, 0.0, 1.0]], "Rt": [[-0.424401, -0.06322076, 0.903265, 856.9194], [-0.904257, 0.08130926, -0.419176, 3724.017], [-0.046943, -0.9946821, -0.091675, 116.0408], [0.0, 0.0, 0.0, 1.0]]}, {"K": [[1.0, 0.0, 0.0, 0.0], [0.0, 1.0, 0.0, 0.0], [0.0, 0.0, 1.0, 0.0], [0.0, 0.0, 0.0, 1.0]], "Rt": [[-0.418494, -0.07256761, 0.905316, 859.8984], [-0.907418, 0.07529803, -0.41343, 3722.523], [-0.038167, -0.9945173, -0.09736, 116.0441], [0.0, 0.0, 0.0, 1.0]]}, {"K": [[1.0, 0.0, 0.0, 0.0], [0.0, 1.0, 0.0, 0.0], [0.0, 0.0, 1.0, 0.0], [0.0, 0.0, 0.0, 1.0]], "Rt": [[-0.425376, -0.07582362, 0.901835, 862.9832], [-0.904601, 0.0658537, -0.421144, 3720.958], [-0.027456, -0.9949445, -0.096602, 116.0508], [0.0, 0.0, 0.0, 1.0]]}, {"K": [[1.0, 0.0, 0.0, 0.0], [0.0, 1.0, 0.0, 0.0], [0.0, 0.0, 1.0, 0.0], [0.0, 0.0, 0.0, 1.0]], "Rt": [[-0.437343, -0.08117189, 0.895624, 866.1738], [-0.899023, 0.06396781, -0.433205, 3719.273], [-0.022127, -0.9946455, -0.10095, 116.0595], [0.0, 0.0, 0.0, 1.0]]}, {"K": [[1.0, 0.0, 0.0, 0.0], [0.0, 1.0, 0.0, 0.0], [0.0, 0.0, 1.0, 0.0], [0.0, 0.0, 0.0, 1.0]], "Rt": [[-0.44297, -0.08544256, 0.892455, 869.4622], [-0.896306, 0.0648154, -0.438676, 3717.497], [-0.020363, -0.9942329, -0.105293, 116.051], [0.0, 0.0, 0.0, 1.0]]}, {"K": [[1.0, 0.0, 0.0, 0.0], [0.0, 1.0, 0.0, 0.0], [0.0, 0.0, 1.0, 0.0], [0.0, 0.0, 0.0, 1.0]], "Rt": [[-0.437532, -0.08304366, 0.89536, 872.8899], [-0.898827, 0.06918915, -0.432809, 3715.642], [-0.026007, -0.9941414, -0.104914, 116.0334], [0.0, 0.0, 0.0, 1.0]]}, {"K": [[1.0, 0.0, 0.0, 0.0], [0.0, 1.0, 0.0, 0.0], [0.0, 0.0, 1.0, 0.0], [0.0, 0.0, 0.0, 1.0]], "Rt": [[-0.418506, -0.078043, 0.904854, 876.4825], [-0.907718, 0.06888684, -0.413889, 3713.784], [-0.030031, -0.9945674, -0.09967, 116.0289], [0.0, 0.0, 0.0, 1.0]]}, {"K": [[1.0, 0.0, 0.0, 0.0], [0.0, 1.0, 0.0, 0.0], [0.0, 0.0, 1.0, 0.0], [0.0, 0.0, 0.0, 1.0]], "Rt": [[-0.411378, -0.08129406, 0.907832, 880.2262], [-0.911061, 0.06635585, -0.406898, 3711.932], [-0.027161, -0.9944791, -0.10136, 116.0296], [0.0, 0.0, 0.0, 1.0]]}, {"K": [[1.0, 0.0, 0.0, 0.0], [0.0, 1.0, 0.0, 0.0], [0.0, 0.0, 1.0, 0.0], [0.0, 0.0, 0.0, 1.0]], "Rt": [[-0.416165, -0.08069762, 0.905701, 884.0313], [-0.908778, 0.07031697, -0.411313, 3710.006], [-0.030494, -0.9942554, -0.102599, 116.0257], [0.0, 0.0, 0.0, 1.0]]}, {"K": [[1.0, 0.0, 0.0, 0.0], [0.0, 1.0, 0.0, 0.0], [0.0, 0.0, 1.0, 0.0], [0.0, 0.0, 0.0, 1.0]], "Rt": [[-0.421344, -0.08288086, 0.903106, 887.857], [-0.906534, 0.06684348, -0.416808, 3708.06], [-0.025821, -0.9943154, -0.103298, 116.0078], [0.0, 0.0, 0.0, 1.0]]}, {"K": [[1.0, 0.0, 0.0, 0.0], [0.0, 1.0, 0.0, 0.0], [0.0, 0.0, 1.0, 0.0], [0.0, 0.0, 0.0, 1.0]], "Rt": [[-0.427453, -0.08433545, 0.900095, 891.5854], [-0.903849, 0.06024758, -0.42359, 3706.142], [-0.018505, -0.9946146, -0.101979, 116.0044], [0.0, 0.0, 0.0, 1.0]]}, {"K": [[1.0, 0.0, 0.0, 0.0], [0.0, 1.0, 0.0, 0.0], [0.0, 0.0, 1.0, 0.0], [0.0, 0.0, 0.0, 1.0]], "Rt": [[-0.430945, -0.08521686, 0.898345, 895.1212], [-0.902147, 0.06325996, -0.426768, 3704.277], [-0.020461, -0.9943524, -0.104139, 116.0069], [0.0, 0.0, 0.0, 1.0]]}, {"K": [[1.0, 0.0, 0.0, 0.0], [0.0, 1.0, 0.0, 0.0], [0.0, 0.0, 1.0, 0.0], [0.0, 0.0, 0.0, 1.0]], "Rt": [[-0.409103, -0.08719237, 0.908313, 898.3975], [-0.912195, 0.06434031, -0.404674, 3702.612], [-0.023156, -0.9941118, -0.105857, 116.0203], [0.0, 0.0, 0.0, 1.0]]}, {"K": [[1.0, 0.0, 0.0, 0.0], [0.0, 1.0, 0.0, 0.0], [0.0, 0.0, 1.0, 0.0], [0.0, 0.0, 0.0, 1.0]], "Rt": [[-0.339606, -0.09284694, 0.935974, 901.4873], [-0.94034, 0.05544298, -0.335691, 3701.308], [-0.020725, -0.9941358, -0.106136, 116.0276], [0.0, 0.0, 0.0, 1.0]]}, {"K": [[1.0, 0.0, 0.0, 0.0], [0.0, 1.0, 0.0, 0.0], [0.0, 0.0, 1.0, 0.0], [0.0, 0.0, 0.0, 1.0]], "Rt": [[-0.186369, -0.1002085, 0.977356, 904.5592], [-0.982396, 0.03203091, -0.184046, 3700.549], [-0.012862, -0.994451, -0.104413, 116.0275], [0.0, 0.0, 0.0, 1.0]]}, {"K": [[1.0, 0.0, 0.0, 0.0], [0.0, 1.0, 0.0, 0.0], [0.0, 0.0, 1.0, 0.0], [0.0, 0.0, 0.0, 1.0]], "Rt": [[0.039894, -0.1165674, 0.992381, 907.6235], [-0.999167, 0.003898419, 0.040624, 3700.503], [-0.008604, -0.9931754, -0.116314, 116.0046], [0.0, 0.0, 0.0, 1.0]]}, {"K": [[1.0, 0.0, 0.0, 0.0], [0.0, 1.0, 0.0, 0.0], [0.0, 0.0, 1.0, 0.0], [0.0, 0.0, 0.0, 1.0]], "Rt": [[0.285293, -0.1070946, 0.952438, 910.4752], [-0.958365, -0.01941318, 0.284885, 3701.186], [-0.01202, -0.9940595, -0.108173, 115.9834], [0.0, 0.0, 0.0, 1.0]]}, {"K": [[1.0, 0.0, 0.0, 0.0], [0.0, 1.0, 0.0, 0.0], [0.0, 0.0, 1.0, 0.0], [0.0, 0.0, 0.0, 1.0]], "Rt": [[0.513824, -0.08542687, 0.853632, 912.9868], [-0.857777, -0.03460541, 0.512856, 3702.527], [-0.014271, -0.9957435, -0.091058, 116.0125], [0.0, 0.0, 0.0, 1.0]]}, {"K": [[1.0, 0.0, 0.0, 0.0], [0.0, 1.0, 0.0, 0.0], [0.0, 0.0, 1.0, 0.0], [0.0, 0.0, 0.0, 1.0]], "Rt": [[0.706857, -0.08509052, 0.70222, 915.1194], [-0.70715, -0.06099388, 0.704428, 3704.456], [-0.017109, -0.9945048, -0.103285, 116.0263], [0.0, 0.0, 0.0, 1.0]]}, {"K": [[1.0, 0.0, 0.0, 0.0], [0.0, 1.0, 0.0, 0.0], [0.0, 0.0, 1.0, 0.0], [0.0, 0.0, 0.0, 1.0]], "Rt": [[0.839131, -0.06100794, 0.540497, 916.8102], [-0.543818, -0.07397918, 0.835936, 3706.853], [-0.011013, -0.9953922, -0.095255, 116.0263], [0.0, 0.0, 0.0, 1.0]]}, {"K": [[1.0, 0.0, 0.0, 0.0], [0.0, 1.0, 0.0, 0.0], [0.0, 0.0, 1.0, 0.0], [0.0, 0.0, 0.0, 1.0]], "Rt": [[0.904662, -0.04387672, 0.423866, 918.226], [-0.426123, -0.0870226, 0.90047, 3709.6], [-0.002623, -0.9952399, -0.097422, 116.0266], [0.0, 0.0, 0.0, 1.0]]}, {"K": [[1.0, 0.0, 0.0, 0.0], [0.0, 1.0, 0.0, 0.0], [0.0, 0.0, 1.0, 0.0], [0.0, 0.0, 0.0, 1.0]], "Rt": [[0.92485, -0.02952098, 0.379185, 919.5635], [-0.380066, -0.109042, 0.918509, 3712.647], [0.014232, -0.9935989, -0.112067, 115.9972], [0.0, 0.0, 0.0, 1.0]]}, {"K": [[1.0, 0.0, 0.0, 0.0], [0.0, 1.0, 0.0, 0.0], [0.0, 0.0, 1.0, 0.0], [0.0, 0.0, 0.0, 1.0]], "Rt": [[0.917648, -0.01723182, 0.397023, 921.0682], [-0.396854, -0.09191102, 0.913268, 3715.864], [0.020754, -0.9956183, -0.09118, 115.983], [0.0, 0.0, 0.0, 1.0]]}, {"K": [[1.0, 0.0, 0.0, 0.0], [0.0, 1.0, 0.0, 0.0], [0.0, 0.0, 1.0, 0.0], [0.0, 0.0, 0.0, 1.0]], "Rt": [[0.908602, -0.01183448, 0.417496, 922.7382], [-0.416032, -0.1139158, 0.902186, 3719.32], [0.036883, -0.9934202, -0.108427, 115.9493], [0.0, 0.0, 0.0, 1.0]]}, {"K": [[1.0, 0.0, 0.0, 0.0], [0.0, 1.0, 0.0, 0.0], [0.0, 0.0, 1.0, 0.0], [0.0, 0.0, 0.0, 1.0]], "Rt": [[0.901098, -0.01357104, 0.433403, 924.5638], [-0.431897, -0.1169948, 0.894302, 3722.848], [0.03857, -0.99304, -0.111284, 115.9249], [0.0, 0.0, 0.0, 1.0]]}, {"K": [[1.0, 0.0, 0.0, 0.0], [0.0, 1.0, 0.0, 0.0], [0.0, 0.0, 1.0, 0.0], [0.0, 0.0, 0.0, 1.0]], "Rt": [[0.89425, -0.02270889, 0.446993, 926.4593], [-0.446794, -0.1040618, 0.888564, 3726.303], [0.026337, -0.9943118, -0.103203, 115.9303], [0.0, 0.0, 0.0, 1.0]]}, {"K": [[1.0, 0.0, 0.0, 0.0], [0.0, 1.0, 0.0, 0.0], [0.0, 0.0, 1.0, 0.0], [0.0, 0.0, 0.0, 1.0]], "Rt": [[0.887642, -0.03430473, 0.459256, 928.401], [-0.460306, -0.09752093, 0.882387, 3729.697], [0.014517, -0.9946423, -0.102354, 115.9407], [0.0, 0.0, 0.0, 1.0]]}, {"K": [[1.0, 0.0, 0.0, 0.0], [0.0, 1.0, 0.0, 0.0], [0.0, 0.0, 1.0, 0.0], [0.0, 0.0, 0.0, 1.0]], "Rt": [[0.879743, -0.04263985, 0.473534, 930.4118], [-0.475344, -0.09995646, 0.874104, 3733.111], [0.010061, -0.994078, -0.108204, 115.9408], [0.0, 0.0, 0.0, 1.0]]}, {"K": [[1.0, 0.0, 0.0, 0.0], [0.0, 1.0, 0.0, 0.0], [0.0, 0.0, 1.0, 0.0], [0.0, 0.0, 0.0, 1.0]], "Rt": [[0.874965, -0.05236768, 0.481348, 932.5186], [-0.484178, -0.08831959, 0.8705, 3736.554], [-0.003073, -0.9947149, -0.102631, 115.9353], [0.0, 0.0, 0.0, 1.0]]}, {"K": [[1.0, 0.0, 0.0, 0.0], [0.0, 1.0, 0.0, 0.0], [0.0, 0.0, 1.0, 0.0], [0.0, 0.0, 0.0, 1.0]], "Rt": [[0.881688, -0.06286564, 0.467626, 934.6079], [-0.47167, -0.09139455, 0.877026, 3740.055], [-0.012396, -0.9938287, -0.110233, 115.9199], [0.0, 0.0, 0.0, 1.0]]}, {"K": [[1.0, 0.0, 0.0, 0.0], [0.0, 1.0, 0.0, 0.0], [0.0, 0.0, 1.0, 0.0], [0.0, 0.0, 0.0, 1.0]], "Rt": [[0.89265, -0.05928311, 0.446837, 936.5798], [-0.450561, -0.08850399, 0.888347, 3743.598], [-0.013117, -0.9943103, -0.105713, 115.9052], [0.0, 0.0, 0.0, 1.0]]}, {"K": [[1.0, 0.0, 0.0, 0.0], [0.0, 1.0, 0.0, 0.0], [0.0, 0.0, 1.0, 0.0], [0.0, 0.0, 0.0, 1.0]], "Rt": [[0.898796, -0.05219237, 0.435251, 938.5029], [-0.438277, -0.08657106, 0.894661, 3747.194], [-0.009014, -0.9948778, -0.100684, 115.9024], [0.0, 0.0, 0.0, 1.0]]}, {"K": [[1.0, 0.0, 0.0, 0.0], [0.0, 1.0, 0.0, 0.0], [0.0, 0.0, 1.0, 0.0], [0.0, 0.0, 0.0, 1.0]], "Rt": [[0.905556, -0.0569715, 0.420386, 940.4166], [-0.424065, -0.0940786, 0.900732, 3750.887], [-0.011766, -0.9939336, -0.109352, 115.8894], [0.0, 0.0, 0.0, 1.0]]}, {"K": [[1.0, 0.0, 0.0, 0.0], [0.0, 1.0, 0.0, 0.0], [0.0, 0.0, 1.0, 0.0], [0.0, 0.0, 0.0, 1.0]], "Rt": [[0.897795, -0.0315055, 0.439287, 942.3109], [-0.440318, -0.08515561, 0.893794, 3754.601], [0.009249, -0.9958697, -0.090324, 115.8683], [0.0, 0.0, 0.0, 1.0]]}, {"K": [[1.0, 0.0, 0.0, 0.0], [0.0, 1.0, 0.0, 0.0], [0.0, 0.0, 1.0, 0.0], [0.0, 0.0, 0.0, 1.0]], "Rt": [[0.876167, -0.04045202, 0.480307, 944.4644], [-0.481843, -0.09957048, 0.870582, 3758.321], [0.012608, -0.9942081, -0.106731, 115.8561], [0.0, 0.0, 0.0, 1.0]]}, {"K": [[1.0, 0.0, 0.0, 0.0], [0.0, 1.0, 0.0, 0.0], [0.0, 0.0, 1.0, 0.0], [0.0, 0.0, 0.0, 1.0]], "Rt": [[0.846886, -0.0496616, 0.529451, 946.8697], [-0.531678, -0.0980605, 0.84125, 3761.966], [0.010141, -0.9939408, -0.109449, 115.8275], [0.0, 0.0, 0.0, 1.0]]}, {"K": [[1.0, 0.0, 0.0, 0.0], [0.0, 1.0, 0.0, 0.0], [0.0, 0.0, 1.0, 0.0], [0.0, 0.0, 0.0, 1.0]], "Rt": [[0.820628, -0.0666089, 0.567568, 949.521], [-0.571396, -0.08038927, 0.816728, 3765.509], [-0.008775, -0.9945357, -0.104029, 115.806], [0.0, 0.0, 0.0, 1.0]]}, {"K": [[1.0, 0.0, 0.0, 0.0], [0.0, 1.0, 0.0, 0.0], [0.0, 0.0, 1.0, 0.0], [0.0, 0.0, 0.0, 1.0]], "Rt": [[0.820723, -0.07807355, 0.565968, 952.2285], [-0.570876, -0.07270044, 0.817811, 3769.037], [-0.022703, -0.9942935, -0.104236, 115.7996], [0.0, 0.0, 0.0, 1.0]]}, {"K": [[1.0, 0.0, 0.0, 0.0], [0.0, 1.0, 0.0, 0.0], [0.0, 0.0, 1.0, 0.0], [0.0, 0.0, 0.0, 1.0]], "Rt": [[0.831142, -0.08444674, 0.549611, 954.8912], [-0.555074, -0.06711817, 0.829089, 3772.64], [-0.033125, -0.9941652, -0.102658, 115.7873], [0.0, 0.0, 0.0, 1.0]]}, {"K": [[1.0, 0.0, 0.0, 0.0], [0.0, 1.0, 0.0, 0.0], [0.0, 0.0, 1.0, 0.0], [0.0, 0.0, 0.0, 1.0]], "Rt": [[0.847417, -0.08027896, 0.524824, 957.4249], [-0.530173, -0.0752435, 0.844544, 3776.322], [-0.028309, -0.9939287, -0.106324, 115.7839], [0.0, 0.0, 0.0, 1.0]]}, {"K": [[1.0, 0.0, 0.0, 0.0], [0.0, 1.0, 0.0, 0.0], [0.0, 0.0, 1.0, 0.0], [0.0, 0.0, 0.0, 1.0]], "Rt": [[0.858841, -0.06196742, 0.508481, 959.7848], [-0.512136, -0.08352105, 0.854834, 3780.01], [-0.010503, -0.9945777, -0.103466, 115.7801], [0.0, 0.0, 0.0, 1.0]]}, {"K": [[1.0, 0.0, 0.0, 0.0], [0.0, 1.0, 0.0, 0.0], [0.0, 0.0, 1.0, 0.0], [0.0, 0.0, 0.0, 1.0]], "Rt": [[0.842821, -0.05342114, 0.535537, 962.1653], [-0.53819, -0.08808039, 0.838208, 3783.582], [0.002393, -0.9946801, -0.102986, 115.7842], [0.0, 0.0, 0.0, 1.0]]}, {"K": [[1.0, 0.0, 0.0, 0.0], [0.0, 1.0, 0.0, 0.0], [0.0, 0.0, 1.0, 0.0], [0.0, 0.0, 0.0, 1.0]], "Rt": [[0.805038, -0.06089771, 0.59009, 964.7268], [-0.593203, -0.09099471, 0.799894, 3786.913], [0.004984, -0.9939879, -0.109378, 115.7782], [0.0, 0.0, 0.0, 1.0]]}, {"K": [[1.0, 0.0, 0.0, 0.0], [0.0, 1.0, 0.0, 0.0], [0.0, 0.0, 1.0, 0.0], [0.0, 0.0, 0.0, 1.0]], "Rt": [[0.776231, -0.06804106, 0.626767, 967.4221], [-0.63042, -0.07399532, 0.77272, 3789.997], [-0.006199, -0.994935, -0.100331, 115.7764], [0.0, 0.0, 0.0, 1.0]]}, {"K": [[1.0, 0.0, 0.0, 0.0], [0.0, 1.0, 0.0, 0.0], [0.0, 0.0, 1.0, 0.0], [0.0, 0.0, 0.0, 1.0]], "Rt": [[0.774562, -0.0867159, 0.626526, 970.1729], [-0.631996, -0.06660746, 0.772104, 3793.041], [-0.025222, -0.9940042, -0.106395, 115.7638], [0.0, 0.0, 0.0, 1.0]]}, {"K": [[1.0, 0.0, 0.0, 0.0], [0.0, 1.0, 0.0, 0.0], [0.0, 0.0, 1.0, 0.0], [0.0, 0.0, 0.0, 1.0]], "Rt": [[0.788166, -0.08008105, 0.610232, 972.8211], [-0.615169, -0.07181168, 0.785118, 3796.179], [-0.019051, -0.9941985, -0.105862, 115.7562], [0.0, 0.0, 0.0, 1.0]]}, {"K": [[1.0, 0.0, 0.0, 0.0], [0.0, 1.0, 0.0, 0.0], [0.0, 0.0, 1.0, 0.0], [0.0, 0.0, 0.0, 1.0]], "Rt": [[0.79609, -0.07136989, 0.600955, 975.43], [-0.605087, -0.07656899, 0.792469, 3799.377], [-0.010544, -0.9945069, -0.10414, 115.7453], [0.0, 0.0, 0.0, 1.0]]}, {"K": [[1.0, 0.0, 0.0, 0.0], [0.0, 1.0, 0.0, 0.0], [0.0, 0.0, 1.0, 0.0], [0.0, 0.0, 0.0, 1.0]], "Rt": [[0.797199, -0.0702407, 0.599617, 978.0558], [-0.603674, -0.08085853, 0.79312, 3802.61], [-0.007225, -0.9942478, -0.106862, 115.7271], [0.0, 0.0, 0.0, 1.0]]}, {"K": [[1.0, 0.0, 0.0, 0.0], [0.0, 1.0, 0.0, 0.0], [0.0, 0.0, 1.0, 0.0], [0.0, 0.0, 0.0, 1.0]], "Rt": [[0.785028, -0.0574151, 0.616795, 980.717], [-0.619394, -0.08747296, 0.780192, 3805.844], [0.009158, -0.9945112, -0.10423, 115.7118], [0.0, 0.0, 0.0, 1.0]]}, {"K": [[1.0, 0.0, 0.0, 0.0], [0.0, 1.0, 0.0, 0.0], [0.0, 0.0, 1.0, 0.0], [0.0, 0.0, 0.0, 1.0]], "Rt": [[0.759448, -0.06312833, 0.647498, 983.5397], [-0.650554, -0.08034703, 0.755198, 3808.952], [0.00435, -0.9947661, -0.102087, 115.7092], [0.0, 0.0, 0.0, 1.0]]}, {"K": [[1.0, 0.0, 0.0, 0.0], [0.0, 1.0, 0.0, 0.0], [0.0, 0.0, 1.0, 0.0], [0.0, 0.0, 0.0, 1.0]], "Rt": [[0.733569, -0.06719895, 0.676285, 986.4887], [-0.679615, -0.07361556, 0.729866, 3811.952], [0.000739, -0.9950204, -0.099671, 115.7159], [0.0, 0.0, 0.0, 1.0]]}, {"K": [[1.0, 0.0, 0.0, 0.0], [0.0, 1.0, 0.0, 0.0], [0.0, 0.0, 1.0, 0.0], [0.0, 0.0, 0.0, 1.0]], "Rt": [[0.724457, -0.07753646, 0.684945, 989.4995], [-0.689226, -0.06506279, 0.721619, 3814.859], [-0.011387, -0.9948645, -0.100575, 115.7298], [0.0, 0.0, 0.0, 1.0]]}, {"K": [[1.0, 0.0, 0.0, 0.0], [0.0, 1.0, 0.0, 0.0], [0.0, 0.0, 1.0, 0.0], [0.0, 0.0, 0.0, 1.0]], "Rt": [[0.739463, -0.08851465, 0.667353, 992.4525], [-0.672828, -0.06433431, 0.736996, 3817.801], [-0.022301, -0.9939953, -0.107127, 115.7226], [0.0, 0.0, 0.0, 1.0]]}, {"K": [[1.0, 0.0, 0.0, 0.0], [0.0, 1.0, 0.0, 0.0], [0.0, 0.0, 1.0, 0.0], [0.0, 0.0, 0.0, 1.0]], "Rt": [[0.759909, -0.07303643, 0.645914, 995.2423], [-0.649835, -0.0609939, 0.757624, 3820.82], [-0.015937, -0.9954626, -0.093811, 115.7392], [0.0, 0.0, 0.0, 1.0]]}, {"K": [[1.0, 0.0, 0.0, 0.0], [0.0, 1.0, 0.0, 0.0], [0.0, 0.0, 1.0, 0.0], [0.0, 0.0, 0.0, 1.0]], "Rt": [[0.777696, -0.08027143, 0.623495, 997.9662], [-0.628408, -0.07224149, 0.774522, 3823.918], [-0.01713, -0.994152, -0.106624, 115.7302], [0.0, 0.0, 0.0, 1.0]]}, {"K": [[1.0, 0.0, 0.0, 0.0], [0.0, 1.0, 0.0, 0.0], [0.0, 0.0, 1.0, 0.0], [0.0, 0.0, 0.0, 1.0]], "Rt": [[0.789804, -0.07464549, 0.608801, 1000.587], [-0.613272, -0.07929382, 0.785881, 3827.052], [-0.010388, -0.9940528, -0.108404, 115.7209], [0.0, 0.0, 0.0, 1.0]]}, {"K": [[1.0, 0.0, 0.0, 0.0], [0.0, 1.0, 0.0, 0.0], [0.0, 0.0, 1.0, 0.0], [0.0, 0.0, 0.0, 1.0]], "Rt": [[0.785933, -0.06286708, 0.615108, 1003.143], [-0.618307, -0.08384249, 0.781451, 3830.135], [0.002445, -0.9944942, -0.104765, 115.709], [0.0, 0.0, 0.0, 1.0]]}, {"K": [[1.0, 0.0, 0.0, 0.0], [0.0, 1.0, 0.0, 0.0], [0.0, 0.0, 1.0, 0.0], [0.0, 0.0, 0.0, 1.0]], "Rt": [[0.764984, -0.07374837, 0.639813, 1005.769], [-0.644039, -0.08190626, 0.760595, 3833.06], [-0.003688, -0.9939079, -0.110153, 115.7064], [0.0, 0.0, 0.0, 1.0]]}, {"K": [[1.0, 0.0, 0.0, 0.0], [0.0, 1.0, 0.0, 0.0], [0.0, 0.0, 1.0, 0.0], [0.0, 0.0, 0.0, 1.0]], "Rt": [[0.738071, -0.0763801, 0.670386, 1008.437], [-0.67468, -0.07225017, 0.734566, 3835.797], [-0.00767, -0.9944579, -0.104857, 115.6968], [0.0, 0.0, 0.0, 1.0]]}, {"K": [[1.0, 0.0, 0.0, 0.0], [0.0, 1.0, 0.0, 0.0], [0.0, 0.0, 1.0, 0.0], [0.0, 0.0, 0.0, 1.0]], "Rt": [[0.698244, -0.07572178, 0.711844, 1011.116], [-0.715854, -0.06968675, 0.694764, 3838.3], [-0.003002, -0.9946911, -0.102863, 115.7051], [0.0, 0.0, 0.0, 1.0]]}, {"K": [[1.0, 0.0, 0.0, 0.0], [0.0, 1.0, 0.0, 0.0], [0.0, 0.0, 1.0, 0.0], [0.0, 0.0, 0.0, 1.0]], "Rt": [[0.64662, -0.08127523, 0.758471, 1013.702], [-0.762807, -0.06480377, 0.643371, 3840.38], [-0.003138, -0.994583, -0.1039, 115.7098], [0.0, 0.0, 0.0, 1.0]]}, {"K": [[1.0, 0.0, 0.0, 0.0], [0.0, 1.0, 0.0, 0.0], [0.0, 0.0, 1.0, 0.0], [0.0, 0.0, 0.0, 1.0]], "Rt": [[0.540055, -0.08936663, 0.836872, 1016.295], [-0.84163, -0.05732462, 0.537003, 3841.976], [-1.7e-05, -0.994348, -0.106171, 115.7085], [0.0, 0.0, 0.0, 1.0]]}, {"K": [[1.0, 0.0, 0.0, 0.0], [0.0, 1.0, 0.0, 0.0], [0.0, 0.0, 1.0, 0.0], [0.0, 0.0, 0.0, 1.0]], "Rt": [[0.354322, -0.1056075, 0.929141, 1019.097], [-0.935102, -0.03320319, 0.35282, 3842.959], [-0.00641, -0.9938536, -0.110518, 115.6993], [0.0, 0.0, 0.0, 1.0]]}, {"K": [[1.0, 0.0, 0.0, 0.0], [0.0, 1.0, 0.0, 0.0], [0.0, 0.0, 1.0, 0.0], [0.0, 0.0, 0.0, 1.0]], "Rt": [[0.113924, -0.1049767, 0.987928, 1021.969], [-0.99349, -0.01195101, 0.113295, 3843.217], [-8.6e-05, -0.9944031, -0.105654, 115.6877], [0.0, 0.0, 0.0, 1.0]]}, {"K": [[1.0, 0.0, 0.0, 0.0], [0.0, 1.0, 0.0, 0.0], [0.0, 0.0, 1.0, 0.0], [0.0, 0.0, 0.0, 1.0]], "Rt": [[-0.170692, -0.1031771, 0.979907, 1024.77], [-0.985318, 0.01404596, -0.170156, 3842.656], [0.003793, -0.9945641, -0.104059, 115.6853], [0.0, 0.0, 0.0, 1.0]]}, {"K": [[1.0, 0.0, 0.0, 0.0], [0.0, 1.0, 0.0, 0.0], [0.0, 0.0, 1.0, 0.0], [0.0, 0.0, 0.0, 1.0]], "Rt": [[-0.416227, -0.09217098, 0.904577, 1027.345], [-0.909154, 0.05746341, -0.412478, 3841.317], [-0.013961, -0.994084, -0.107715, 115.6759], [0.0, 0.0, 0.0, 1.0]]}, {"K": [[1.0, 0.0, 0.0, 0.0], [0.0, 1.0, 0.0, 0.0], [0.0, 0.0, 1.0, 0.0], [0.0, 0.0, 0.0, 1.0]], "Rt": [[-0.563998, -0.06937708, 0.822857, 1029.746], [-0.825594, 0.06834805, -0.560111, 3839.529], [-0.017381, -0.9952466, -0.095825, 115.6732], [0.0, 0.0, 0.0, 1.0]]}, {"K": [[1.0, 0.0, 0.0, 0.0], [0.0, 1.0, 0.0, 0.0], [0.0, 0.0, 1.0, 0.0], [0.0, 0.0, 0.0, 1.0]], "Rt": [[-0.631964, -0.05301881, 0.773182, 1032.166], [-0.774627, 0.07409135, -0.628063, 3837.383], [-0.023987, -0.9958413, -0.087892, 115.6974], [0.0, 0.0, 0.0, 1.0]]}, {"K": [[1.0, 0.0, 0.0, 0.0], [0.0, 1.0, 0.0, 0.0], [0.0, 0.0, 1.0, 0.0], [0.0, 0.0, 0.0, 1.0]], "Rt": [[-0.643774, -0.04878633, 0.763659, 1034.744], [-0.76468, 0.07836272, -0.639628, 3835.011], [-0.028637, -0.9957307, -0.087753, 115.7248], [0.0, 0.0, 0.0, 1.0]]}, {"K": [[1.0, 0.0, 0.0, 0.0], [0.0, 1.0, 0.0, 0.0], [0.0, 0.0, 1.0, 0.0], [0.0, 0.0, 0.0, 1.0]], "Rt": [[-0.636576, -0.04860861, 0.769681, 1037.554], [-0.77061, 0.07962185, -0.632315, 3832.48], [-0.030547, -0.9956395, -0.088143, 115.7498], [0.0, 0.0, 0.0, 1.0]]}]